image_width: 640
image_height: 480
camera_name: camera
camera_matrix:
  rows: 3
  cols: 3
  data: [ 458.92272,    0.     ,  326.61376,
            0.     ,  462.21871,  247.57895,
            0.     ,    0.     ,    1.     ]
distortion_model: plumb_bob
distortion_coefficients:
  rows: 1
  cols: 5
  data: [0.082372, -0.118245, 0.001161, 0.000663, 0.000000]
rectification_matrix:
  rows: 3
  cols: 3
  data: [ 1.,  0.,  0.,
          0.,  1.,  0.,
          0.,  0.,  1.]
projection_matrix:
  rows: 3
  cols: 4
  data: [ 464.55704,    0.     ,  327.25034,    0.     ,
            0.     ,  468.9494 ,  248.0804 ,    0.     ,
            0.     ,    0.     ,    1.     ,    0.     ]
