translation: 
  x: -0.01301511916
  y: 0.115340741301
  z: 0.0882395030907
rotation: 
  x: -0.206876181051
  y: -0.699971847352
  z: -0.268517827779
  w: 0.628601491243